add_route 55c  7605 7603 7601 7565 7563 7561 7559 7557 7555 7553 7551 7549 7547 7543 7541 7801 7803 7805 7807 3003 3001 601 521
add_route 55t  521 524 3000 3002 7806 7804 7802 7800 7542 7544 7548 7550 7552 7554 7556 7558 7560 7562 7564 7566 7600 7602 7604
add_route 55Kt  521 524 3000 3002 7806 7804 7802 7800 7542 7544 7548 7550 7552 7554 7556 7558 7560 7579 7580 7582 7581 7578 7562 7564 7566 7600 7602 7604
add_route 55Kc  7605 7603 7601 7565 7563 7561 7579 7580 7582 7581 7578 7559 7557 7555 7553 7551 7549 7547 7543 7541 7801 7803 7805 7807 3003 3001 601 521
add_route 85t  6273 6271 6269 6267 6263 6169 6119 6117 6115 6113 6111 6101 6051 6041 1079 1013 1011 1009 1007 1003 99 29 25 10
add_route 85c  3 24 26 98 1002 1006 1010 1012 1078 6040 6050 6100 6110 6112 6114 6116 6118 6260 6168 6262 6264 6266 6268 6270 6272
add_route 85Pt  6273 6271 6269 6267 6263 6169 6119 6117 6115 6113 6111 6101 6051 6041 1079 1013 1011 1009 1007 1003 99 29 25 10
add_route 85Vc  3 24 26 98 1002 1006 1010 1012 1078 6040 6050 6100 6110 6112 6114 6116 6118 6260 6168 6262 6264 6266 6268 6270 6272
add_route 85Vt  6273 6271 6269 6267 6263 6169 6119 6117 6115 6113 6111 6101 6051 6041 1079 1013 1011 1009 1007 1003 99 29 25 10
add_route 83t  6161 6159 6157 6155 6153 6151 6149 6147 6167 6165 6145 6143 6141 6137 6111 6101
add_route 83c  6101 6052 6054 6056 6058 6062 6064 6066 6161
add_route 84c  6100 6110 6112 6114 6116 6118 6202 6204 6206 6208 6220 6222 6226
add_route 84t  6225 6223 6221 6209 6207 6205 6203 6119 6117 6115 6113 6111 6101
add_route 84Vc  6100 6110 6112 6114 6116 6118 6202 6204 6206 6208 6220 6222 6226
add_route 84Vt  6225 6223 6221 6209 6207 6205 6203 6119 6117 6115 6113 6111 6101
add_route 86xt  6025 6051 6041 1088 1086 1084 1082 1080 1211
add_route 86c  1211 1209 1207 1205 1203 1201 1043 1041 1039 1037 1031 1029 1019 1017 1450 1643 1654 1656 1658 1660 1680 6000 6030 6034 6036 6014 6023 6018 6020 6025
add_route 86xc  1210 1081 1083 1085 1087 1089 1051 6040 6050 6025
add_route 86t  6025 6021 6019 6023 6017 6039 6037 6035 6033 6031 6001 1685 1661 1659 1657 1823 1642 1451 1016 1018 1030 1032 1038 1040 1042 1046 1200 1202 1204 1206 1208 1210
add_route 29Bt  1592 1589 1587 1585 1583 1677 1771 1769 1767 1765 1763 1761 1759 1565 1563 1561 1527 1525 1523 1521 1519 1515 1513 1511 1509 1507 1505 1503 1501 29 25 11 504 510 5000 5004 5006 4998 5010 5112 5062 5064 5066 5068 5070 5074 5076 5078 5080 5048 5086 5082 5250 5248 5141 5270 5272 5266
add_route 29Ac  5266 5273 5271 5136 5129 5259 5089 5087 5085 5124 5079 5077 5075 5073 5071 5069 5067 5065 5063 5061 5113 5009 5007 5005 5003 5001 5149 511 505 35 24 28 1500 1502 1504 1506 1508 1510 1512 1514 1518 1520 1522 1524 1526 1562 1564 1566 1762 1758 1764 1766 1768 8750 8706 8714 8710
add_route 29At  8710 8715 8709 8753 8751 1767 1765 1763 1761 1759 1565 1563 1561 1527 1525 1523 1521 1519 1515 1513 1511 1509 1507 1505 1503 1501 29 25 11 504 510 5000 5004 5006 4998 5010 5112 5062 5064 5066 5068 5070 5074 5076 5078 5080 5048 5086 5082 5250 5248 5141 5270 5272 5266
add_route 29Bc  5266 5273 5271 5136 5129 5259 5089 5087 5085 5124 5079 5077 5075 5073 5071 5069 5067 5065 5063 5061 5113 5009 5007 5005 5003 5001 5149 511 505 35 24 28 1500 1502 1504 1506 1508 1510 1512 1514 1518 1520 1522 1524 1526 1562 1564 1566 1762 1758 1764 1766 1768 1770 1772 1580 1582 1584 1586 1588 1592
add_route 41c  8371 8369 8367 8365 8363 8361 8359 8357 8355 8353 8351 8049 8047 8045 8043 8041 8039 8037 8034 8031 8029 8070
add_route 41t  8034 8042 8044 8046 8048 8050 8052 8350 8352 8354 8356 8358 8360 8362 8364 8366 8368 8370
add_route 44At  8919 8917 8915 8913 8911 8909 8907 8905 8903 8901 8899 8897 8895 8893 8891 8889 8887 8885 8883 8881 8879 8877 8875 8873 8871 8869 8846 8848 8850 8852 8854 8856 8858 8860 8862 8864 8863 8861 8859 8857 8855 8853 8851 8849 8847 8867 8845 8843 8841 8022 8024 8028 8030 8032 8035
add_route 44Hc  8034 8031 8029 8027 8025 8840 8842 8844 8866 8868 8870 8872 8874 8876 8878 8880 8882 8884 8886 8888 8890 8892 8894 8896 8898 8900 8902 8904 8906 8908 8910 8912 8914 8916 8918
add_route 44Ht  8919 8917 8915 8913 8911 8909 8907 8905 8903 8901 8899 8897 8895 8893 8891 8889 8887 8885 8883 8881 8879 8877 8875 8873 8871 8869 8867 8845 8843 8841 8022 8024 8028 8030 8032 8035
add_route 44Ac  8034 8031 8029 8027 8025 8840 8842 8844 8846 8848 8850 8852 8854 8856 8858 8860 8862 8864 8863 8861 8859 8857 8855 8853 8851 8849 8847 8866 8868 8870 8872 8874 8876 8878 8880 8882 8884 8886 8888 8890 8892 8894 8896 8898 8900 8902 8904 8906 8908 8910 8912 8914 8916 8918
add_route 44c  8034 8031 8029 8027 8025 8840 8842 8844 8866 8868 8870 8872 8874 8876 8878 8880 8882 8884 8886 8888 8890 8892 8894 8896 8898 8900 8902 8904 8906 8908 8910 8912 8914 8916 8918
add_route 46c  8331 8315 8329 8327 8325 8323 8309 8307 8305 8303 8301 8190 8200 8202 8204 8206 8208 8210 8212 8214 8216 8218 8220 8222 8224 8226 8228 8230 8151 8104 8102 8031 8029 8070
add_route 46t  8070 8024 8028 8030 8032 8101 8103 8150 8233 8231 8229 8227 8225 8223 8221 8219 8217 8215 8213 8211 8209 8207 8205 8203 8190 8300 8302 8304 8306 8320 8324 8326 8328 8314 8331
add_route 46Jc  8190 8200 8202 8204 8240 8239 8237 8235 8206 8208 8210 8212 8214 8216 8218 8220 8222 8224 8226 8228 8230 8151 8104 8102 8031 8029 8070
add_route 46Jt  8070 8024 8028 8030 8032 8101 8103 8150 8233 8231 8229 8227 8225 8223 8221 8219 8217 8215 8213 8211 8209 8207 8232 8234 8236 8238 8240 8205 8203 8190
add_route 79At  9315 9313 9311 9309 9305 9303 9301 8520 8511 8509 8507 8505 8503 8501 1513 1511 1509 1507 1505 1503 1501 29 25 10
add_route 79Bc  14 24 28 1500 1502 1504 1506 1508 1510 1512 8500 8502 8504 8506 8508 8510 8522 9300 9302 9304 9308 9310 9312 9314
add_route 79Bt  9315 9313 9311 9309 9305 9303 9301 8520 8511 8509 8507 8505 8503 8501 1513 1511 1509 1507 1505 1503 1501 29 25 10
add_route 79Ac  8522 9300 9302 9304 9308 9310 9312 9314
add_route 21c  3563 3117 3562 3653 3651 3121 3055 3051 3049 3047 3045 3103 3039 3091 3005 3109 2529 2509 2569 2527 2525 2505 2503 2501 523 519 15 24 26 98 1002 1006 1010 1066 1068 1450 1643 1822 1820 1622 1624 1626 1628 1700 1704 1710 1695 1697 1605 1603 1539 1537 1535 1533
add_route 21t  1532 1534 1536 1602 1604 1635 1633 1631 1629 1627 1625 1623 1621 1821 1823 1642 1451 1075 1067 1013 1011 1009 1007 1003 99 29 25 2 553 522 2500 2526 2556 2506 2508 2528 3110 3090 3092 3102 3044 3046 3048 3050 3054 3122 3124 3650 3652 3080 3563
add_route 65t  8528 8511 8509 8507 8505 8503 8757 8708 7101 7043 7041 7039 7037 7017 7015 7013 7011 7009 7007 2613 2611 2603 2605 2607 2524 2521 2519 2517 2515 2513 2511 2528 3110 3172 3094 3096 3122 3126 3128 3130 3132 3518 3728 3730 3642 3734
add_route 65c  3735 3523 3731 3729 3517 3125 3127 3129 3131 3121 3123 3095 3093 3173 3109 2529 2510 2512 2514 2516 2518 2520 2558 2608 2606 2604 2610 2612 7006 7008 7010 7012 7014 7016 7036 7038 7040 7042 7100 8709 8752 8756 8502 8504 8506 8512 8528
add_route 65xc  3735 3731 3729 3517 3515 7021 7019 7017
add_route 65xt  7016 7018 7020 3516 3518 3728 3730 3642 3734
add_route 77t  8809 8807 8805 8658 8657 8655 8653 8651 8630 8628 8607 8645 8603 8601 8520 8530 8664 8506 8508 8662
add_route 77xc  8662 8602 8606 8627 8629 8631 8650
add_route 77c  8520 8530 8664 8506 8508 8662 8602 8606 8627 8629 8631 8650 8652 8654 8656 8802 8804 8806 8808
add_route 77xt  8630 8628 8607 8645 8603 8601 8520
add_route 25t  2017 2033 2015 2013 2011 2009 2007 2005 2003 2001 65 25 12 553 570 566 4000 4002 4510 4508 4512 4518 4520 4522 4524 4582 4584 4420 4557 4556 4530 4532 5126
add_route 25c  5081 5123 5125 4559 4531 4529 4527 4419 4421 4581 4583 4523 4521 4519 4517 4509 4511 4513 4001 564 569 519 15 24 64 2000 2002 2004 2006 2008 2012 2014 2016 2024 2017
add_route 42t  31 25 10 504 510 5000 5004 5006 5008 5038 5040 5042 5044 5116 5118 8008 8010 8012 8014 8016 8018 8020 8022 8024 8028 8030 8032 8034 8042 8044 8046 8048 8050 8052 9100 9102 9104 9106 9108 9110 9112 9114
add_route 42c  9115 9113 9111 9109 9107 9105 9103 9101 8049 8047 8045 8043 8041 8039 8037 8035 8031 8029 8027 8025 8023 8021 8019 8017 8015 8013 8011 8009 5119 5117 5043 5041 5039 5007 5005 5003 5001 5149 511 575 36 22 31
add_route 42KPt  31 25 10 504 510 5000 5004 5006 5008 5038 5040 5042 5044 5116 5118 8008 8010 8012 8014 8016 8018 8020 8022 8024 8028 8030 8032 8034 8042 8044 8046 8048 8050 8052 9100 9102 9104 9106 9108 9110 9112 9114
add_route 42Pc  9115 9113 9111 9109 9107 9105 9103 9101 8049 8047 8045 8043 8041 8039 8037 8035 8031 8029 8027 8025 8023 8021 8019 8017 8015 8013 8011 8009 5119 5117 5043 5041 5039 5007 5003 5001 5149 511 575 36 22 31
add_route 42Pt  31 25 10 504 510 5000 5004 5006 5008 5038 5040 5042 5044 5116 5118 8008 8010 8012 8014 8016 8018 8020 8022 8024 8028 8030 8032 8034 8042 8044 8046 8048 8050 8052 9100 9102 9104 9106 9108 9110 9112 9114
add_route 42Kc  9115 9113 9111 9109 9107 9105 9103 9101 8049 8047 8045 8043 8041 8039 8037 8035 8031 8029 8027 8025 8023 8021 8019 8017 8015 8013 8011 8009 5119 5117 5043 5041 5039 5007 5005 5003 5001 5149 511 575 36 22 31
add_route 42KPc  9115 9113 9111 9109 9107 9105 9103 9101 8049 8047 8045 8043 8041 8039 8037 8035 8031 8029 8070
add_route 63t  7151 7149 7147 7145 7143 7141 7139 7137 7135 7133 7131 7129 7127 7125 7123 7121 7119 7117 7114 7116 7118 7175 7173 7171 7169 7167 7165 7163 7161 7029 7027 7025 7023 7021 7019 7017
add_route 63c  7016 7018 7020 7022 7024 7026 7028 7160 7162 7166 7168 7170 7172 7174 7117 7114 7116 7118 7120 7122 7124 7126 7128 7130 7132 7134 7136 7138 7140 7142 7144 7146 7148 7150
add_route 78t  8763 8761 8639 8641 8643 8645 8667 8603 8663 8512 8520
add_route 78c  8520 8530 8664 8506 8662 8602 8666 8644 8642 8640 8638 8760 8762
add_route 78xt  8797 8607 8645 8667 8603 8663 8512 8520
add_route 95Rc  9717 9719 9721 8311 8309 8307 8305 8303 8301 8211 8209 8207 8205 8203 8201 8177 8175 5119 5117 5043 5039 5007 5001 511 506 521
add_route 95Xt  521 526 5000 5008 5038 5044 5118 8180
add_route 95c  9717 9719 9721 9723 8343 8345 8181 5119 5117 5043 5039 5007 5003 5001 511 506 521
add_route 95Xc  8181 5119 5043 5039 5007 5001 506 521
add_route 95t  521 526 510 5000 5004 5006 5008 5038 5040 5042 5044 5116 5118 8180 8344 8342 9722 9720 9718 9716
add_route 58t  3728 3642 7494 7806
add_route 58Sc  7511 7491 7495 3523 3729
add_route 58c  7807 7495 3523 3729
add_route 115t  2031 2029 2027 2025 2023 2021 2019 49 80 42
add_route 115c  42 44 46 48 2018 2020 2022 2026 2028 2030 2031
add_route 33c  3167 3168 3112 3166 3108 3161 3163 3107 3105 3045 3103 3039 3091 3005 3109 2529 2509 2569 2527 2525 2505 2503 2501 523 519 5
add_route 33Yt  5 553 522 524 3000 3002 3158 3160 3165 3167
add_route 33t  5 553 522 2500 2526 2556 2506 2508 2528 3110 3090 3092 3102 3044 3104 3106 3158 3160 3165 3167
add_route 33Yc  3167 3168 3112 3166 3108 3161 3163 3003 3001 601 523 519 5
add_route 35t  41 553 522 524 3000 3002 3004 3006 3008 3116 3010 3012 3014 3016 3018 3020 3052 3056 3022
add_route 35c  3022 3053 3133 3021 3019 3017 3015 3013 3011 3115 3009 3007 3005 3003 3001 601 523 519 41
add_route 43c  8035 8031 8029 8027 8025 8023 8021 8019 8017 8015 8013 8011 8009 8007 8005 8003 8001 4115 4117 4055 4053 4049 4047 4023 4021 4019 4017 4015 4013 4011 4007 4005 4003 4001 565 569 521
add_route 43t  521 566 4000 4004 4006 4008 4010 4012 4014 4016 4018 4020 4022 4046 4048 4052 4112 4058 4116 8000 8002 8004 8006 8008 8010 8012 8014 8016 8018 8020 8022 8024 8028 8030 8032 8034
add_route 51c  7911 7913 7915 7917 7919 7921 7923 7925 7927 7929 7931 7805 7807 3003 3001 601 523
add_route 51t  521 524 3000 3002 7806 7804 7936 7930 7926 7924 7922 7920 7918 7914 7912 7910
add_route 51It  521 524 3000 3002 7806 7804 7802 7932 7926 7924 7922 7920 7918 7914 7912 7910
add_route 51Ic  7911 7913 7915 7917 7919 7921 7923 7925 7927 7929 7933 7803 7805 7807 3003 3001 601 523
add_route 53t  521 524 3000 3002 3004 3006 3008 3116 3010 3012 3014 3016 3018 3020 3052 7500 7504 7506 7508 7510 7512 7514 7516 7518 7520 7522 7524 7526 7528 7530 7532 7534 7536 7538 7540 7542 7544 7548 7550 7552 7554 7556 7558 7560 7579 7580 7586 7664 7666 7668 7670 7672 7674 7676 7678 7680 7682 7684 7686
add_route 53c  7681 7679 7677 7675 7673 7671 7669 7667 7665 7663 7589 7587 7581 7578 7559 7557 7555 7553 7551 7549 7547 7543 7541 7539 7537 7535 7533 7531 7529 7527 7525 7523 7521 7519 7517 7515 7513 7511 7509 7507 7505 7503 7501 3133 3021 3019 3017 3015 3013 3011 3115 3009 3007 3005 3003 3001 601 523
add_route 53Kc  7681 7679 7677 7675 7673 7671 7669 7667 7665 7663 7589 7587 7581 7578 7559 7557 7555 7553 7551 7549 7547 7543 7541 7801 7803 7805 7811 7813 7530
add_route 53Kt  7530 7532 7534 7536 7538 7540 7542 7544 7548 7550 7552 7554 7556 7558 7560 7579 7580 7586 7664 7666 7668 7670 7672 7674 7676 7678 7680 7682 7684 7686
add_route 56c  7559 7557 7555 7553 7551 7210 7212 7214 7216 7218 7220 7222 7254 7252 7250 7248 7246 7244 7242 7239 7237 7235 7233 7231 7229 7227 7225 7223 7221 7219 7217 7215 7213 7211 7549 7547 7550 7552 7554 7556 7558 7560
add_route 56t  7582 7581 7578 7559 7557 7555 7553 7551 7549 7547 7210 7212 7214 7216 7218 7220 7222 7224 7226 7228 7230 7232 7234 7236 7238 7240 7241 7243 7245 7247 7249 7251 7253 7255 7257 7223 7221 7219 7217 7215 7213 7211 7550 7552 7554 7556 7558 7560
add_route 57c  7901 7906 7920 7918 7914 7912 7910 7911 7913 7907 7906 7800 7542 7544 7548 7550 7552 7554 7556 7558 7560 7579 7580 7582
add_route 57t  7582 7581 7579 7557 7555 7553 7551 7549 7547 7543 7541 7801 7904 7906 7907 7914 7912 7910 7911 7913 7915 7917 7919 7921 7902
add_route 87c  6225 6223 6221 6209 6207 6205 6203 6119 6117 6115 6113 6111 6025 6052 6054
add_route 87t  6100 6110 6112 6114 6116 6118 6202 6204 6206 6208 6220 6222 6226
add_route 1Cc  4600 8171 8149 8147 8145 8143 8141 4555 4552 4589 4551 4571 4573 5143 5145 4563 5081 5119 5117 5043 5041 5039 5007 5005 5003 5001 5149 511 506 576 522 2500 2502 2506 2508 2510 2512 2514 2516 2518 2520 2558 7000 7002 7004 7006 7008 7010 7012 7014 7016 7036 7038 7040 7042 7044 7046 7048 7050 7052 7054 7023
add_route 1Bt  7023 7021 7085 7083 7081 7079 7077 7075 7073 7071 7019 7017 7015 7013 7011 7009 7007 7005 7003 2524 2521 2519 2517 2515 2513 2511 2509 2507 2505 2503 2501 523 574 526 510 5000 5004 5006 5008 5038 5040 5042 5044 5116 5118 5128 4572 5130 5132 4578 4580 4550 4590 4553 4554 8140 8142 8144 8146 8148 8170 4600
add_route 1c  4600 8171 8149 8147 8145 8143 8141 4555 4552 4589 4551 4571 4573 5143 5145 4563 5081 5119 5117 5043 5041 5039 5007 5005 5003 5001 5149 511 506 576 522 2500 2502 2506 2508 2510 2512 2514 2516 2518 2520 2558 7000 7002 7004 7006 7008 7010 7012 7014 7016
add_route 1t  7017 7015 7013 7011 7009 7007 7005 7003 2524 2521 2519 2517 2515 2513 2511 2509 2507 2505 2503 2501 523 574 526 510 5000 5004 5006 5008 5038 5040 5042 5044 5116 5118 5128 4572 5130 5132 4578 4580 4550 4590 4553 4554 8140 8142 8144 8146 8148 8170 4600
add_route 45t  4602 8138 8130 8128 8126 8122 8118 8116 8114 8112 8110 8108 8106 8104 8102 8040
add_route 45Sc  8040 8101 8103 8107 8105 8109 8111 8113 8082 8080 8081 8083 8115 8117 8121 8125 8127 8129 8131 8139 4602
add_route 1Bc  4600 8171 8149 8147 8145 8143 8141 4555 4552 4589 4551 4571 4573 5143 5145 4563 5081 5119 5117 5043 5041 5039 5007 5005 5003 5001 5149 511 506 576 522 2500 2502 2506 2508 2510 2512 2514 2516 2518 2520 2558 7000 7002 7004 7006 7008 7010 7012 7014 7016 7018 7070 7072 7074 7076 7078 7080 7082 7084 7086 7020 7057
add_route 1Ct  7057 7055 7053 7051 7049 7047 7045 7043 7041 7039 7037 7017 7015 7013 7011 7009 7007 7005 7003 2524 2521 2519 2517 2515 2513 2511 2509 2507 2505 2503 2501 523 574 526 510 5000 5004 5006 5008 5038 5040 5042 5044 5116 5118 5128 4572 5130 5132 4578 4580 4550 4590 4553 4554 8140 8142 8144 8146 8148 8170 4600
add_route 45c  8040 8101 8103 8107 8105 8109 8111 8113 8115 8117 8121 8125 8127 8129 8131 8139 4602
add_route 1Ac  4600 8171 8149 8147 8145 8143 8141 4555 4552 4589 4551 4571 4573 5143 5145 4563 5081 5119 5117 5043 5041 5039 5007 5005 5003 5001 5149 511 506 576 522 2500 2502 2506 2508 2510 2512 2514 2516 2518 2520 2558 7000 7002 7004 7006 7008 7010 7012 7014 7016 7018 7020 7022 7024 7026 7028 7030 7032 7034 7035
add_route 1At  7035 7033 7031 7029 7027 7025 7023 7021 7019 7017 7015 7013 7011 7009 7007 7005 7003 2524 2521 2519 2517 2515 2513 2511 2509 2507 2505 2503 2501 523 574 526 510 5000 5004 5006 5008 5038 5040 5042 5044 5116 5118 5128 4572 5130 5132 4578 4580 4550 4590 4553 4554 8140 8142 8144 8146 8148 8170 4600
add_route 45St  4602 8138 8130 8128 8126 8122 8118 8116 8082 8080 8081 8083 8114 8112 8110 8108 8106 8104 8102 8040
add_route 2c  5021 4903 5019 5017 5015 535 549 545 541 560 562 564 569 519 36 22 31
add_route 2t  31 25 10 553 570 563 561 540 542 546 550 534 5014 5018 5020 5021
add_route 3Bt  1028 1027 1025 1091 1023 1035 1019 1017 1015 1013 1011 1009 1007 1003 1001 57 55 83 53 12 504 510 4500 4504 4506 4514 4518 3942 3950 3516 3518 3720 3724 3699 3526 3528 3530 3608 3602 3604 3606 3626 3617
add_route 3Bc  3617 3605 3603 3601 3531 3529 3527 3522 3723 3721 3517 3515 3951 3513 3943 4517 4507 4505 4503 4501 511 505 15 87 52 54 56 1000 1002 1006 1010 1012 1014 1016 1018 1036 1022 1090 1024 1026 1028
add_route 3At  1028 1027 1025 1091 1023 1035 1019 1017 1015 1013 1011 1009 1007 1003 1001 57 55 83 53 12 504 510 4500 4504 4506 4514 4518 3942 3950 3516 3518 3720 3724 3699 3526 3528 3530 3608 3602 3604 3606 3616 3618 3646 3615
add_route 3Ac  3615 3607 3637 3605 3603 3601 3531 3529 3527 3522 3723 3721 3517 3515 3951 3513 3943 4517 4507 4505 4503 4501 511 505 15 87 52 54 56 1000 1002 1006 1010 1012 1014 1016 1018 1036 1022 1090 1024 1026 1028
add_route 3Rt  1028 1027 1025 1091 1023 1035 1030 1032 1062 1044 1064 1054 1056 1058 1071 1051 1053 1017 1015 1013 1011 1009 1007 1003 1001 57 55 83 53 12
add_route 36t  1028 1027 1025 1091 1023 1035 1019 1017 1075 1067 1013 1011 1009 4951 5147 5059 5103
add_route 36c  5102 5060 5146 5114 1006 1010 1066 1068 1016 1018 1036 1022 1090 1024 1026 1028
add_route 26c  7662 7661 7657 7655 7653 7651 7513 7511 7509 7507 7505 7503 7501 3133 3021 3019 3043 2577 2579 2571 2541 2587 2511 2509 2507 2505 2503 2501 523 519 35 24 28 1500 1502 1504 1506 1508 1510 1512 1546 1760 1548 1550 1552 1554 1556 1558 1900
add_route 4Yt  1 553 522 524 3062 3064 3066 3068 3070 3072 3094 3096 3122 3126 3128 3130 3132 3518 3570 3736 3574 3576 3578 3598
add_route 4Yc  3598 3579 3577 3575 3723 3721 3517 3125 3127 3129 3131 3121 3123 3095 3093 3073 3071 3069 3067 3065 3063 3061 3557 601 523 519 1
add_route 4c  3598 3579 3577 3575 3737 3519 3517 3515 3951 3513 3511 3999 3509 3507 3505 3503 3557 601 523 576
add_route 4t  576 522 524 3500 3502 3504 3508 3510 4010 3512 3950 3516 3518 3570 3736 3574 3576 3578 3598
add_route 38c  5264 5091 5131 5250 5248 5141 4573 5143 5145 4563 5081 5123 5125 4559 4531 4022 4024 4028 4030 4032 3564 3566 3580 3711 3709 3707 3701 3715 3735
add_route 5c  3642 3734 3610 3612 3605 3603 3601 3761 3763 3631 3635 3639 3641 3643 3645 3647 3649 3165 3169 3013 3011 3115 3009 3007 3005 3003 3001 601 523 519 42
add_route 5t  42 553 522 524 3000 3002 3004 3006 3008 3116 3010 3170 3168 3112 3166 3648 3660 3644 3640 3638 3636 3632 3762 3760 3602 3604 3606 3613 3611 3735 3523 3723 3721 3517 3515 3951 3513 3943 4565 3944 4951 5147 5059 5103
add_route 32t  708 701 552 596 536 529 506 120 2500 2526 2556 2506 2508 2528 3110 3090 3092 3038 3040 3094 3096 3122 3126 3128 3130 3132 3518 3620 3622 3624 3576 3578 3614 3716 3698 3730 3642 3734 3704 3714 3708 3710 3712 3581 3567 3565 4033 4031 4027 4025 4023 4021 4019 4081 4557 5069 5067 5065 5063 5061 5113 5009 4951 5147 5059 5103
add_route 8t  1668 1667 1647 1703 1693 1601 1541 1539 1537 1535 1533 1701 1599 1597 1595 1593 1519 1515 1513 1511 1509 1507 1505 1503 1501 29 25 11 504 510 5000 5004 5006 5008 5038 5040 5042 5044 5116 5118 5128 4574 4576 4588 4578 5134 5136 5260 5262 5249
add_route 8c  5249 5251 5083 5141 4573 4575 4577 4579 4563 5081 5119 5117 5043 5041 5039 5007 5005 5003 5001 5149 511 505 35 24 28 1500 1502 1504 1506 1508 1510 1512 1514 1518 1594 1596 1598 1600 1712 1532 1534 1536 1540 1674 1694 1702 1706 1666 1668
add_route 137t  4526 4556 4530 4532 5126 5128 4572 5130 5132 4578 5134 5136 5260 5262 5264 5092 5094 5200 5180 5202 5204 5206 5208 5210
add_route 11Bc  3167 3169 3012 3014 3043 2577 2579 2542 2544 2626 2624 2566 2568 2557 2590 2595 2597 2524 2521 2519 2517 2515 2513 2511 2509 2569 2527 2525 2505 2503 2501 523 519 35 24 28 1500 1502 1504 1506 1508 1510 1512 1514 1518 1520 1522 1524 1526 1562 1564 1566 1574 1720 1568 1570
add_route 11Bt  1570 1572 1567 1565 1563 1561 1527 1525 1523 1521 1519 1515 1513 1511 1509 1507 1505 1503 1501 29 25 2 553 522 2500 2526 2556 2506 2508 2510 2512 2514 2516 2518 2520 2558 2582 2584 2591 2621 2561 2565 2625 2627 2545 2555 2586 2580 2578 3017 3015 3170 3167
add_route 11Ct  1570 1572 1567 1565 1563 1561 1527 1525 1523 1521 1519 1515 1513 1511 1509 1507 1505 1503 1501 29 25 2 553 522 2500 2526 2556 2506 2508 2510 2512 2514 2516 2518 2520 2558 2582 2584 7102 7098 7096 7094 7092 7090 7012 7014 7016 7036 7038 7060
add_route 11Cc  7060 7039 7037 7017 7015 7091 7093 7095 7103 7105 7099 2595 2597 2524 2521 2519 2517 2515 2513 2511 2509 2569 2527 2525 2505 2503 2501 523 519 35 24 28 1500 1502 1504 1506 1508 1510 1512 1514 1518 1520 1522 1524 1526 1562 1564 1566 1574 1720 1568 1570
add_route 27c  2 553 522 2500 2502 2506 2508 2598 2588 2540 2542 2544 2548 2550 2552 2623 2557 2590 2595
add_route 11c  2595 2597 2524 2521 2519 2517 2515 2513 2511 2509 2569 2527 2525 2505 2503 2501 523 519 35
add_route 11t  2 553 522 2500 2526 2556 2506 2508 2510 2512 2514 2516 2518 2520 2558 2582 2584
add_route 27t  2591 2570 2572 2553 2551 2549 2545 2555 2571 2541 2587 2511 2509 2507 2505 2503 2501 523 519 35
add_route 12c  3134 3141 3143 3125 3127 3129 3131 3121 3123 3095 3093 3041 3039 3037 3035 3033 3031 3029 3027 3025 3101 601 523 519 5
add_route 12t  5 553 522 524 3024 3026 3028 3030 3032 3034 3036 3038 3040 3094 3096 3122 3126 3128 3130 3132 3136 3138 3134
add_route 137c  5209 5207 5205 5201 5203 5095 5093 5257 5261 5251 5083 5141 4573 5143 5145 4563 5081 5123 5125 4559 4531 4529 4527 4525
add_route 14c  2603 2605 2607 2582 2584 2592 2554 2583 2585 2587 2511 2509 2507 2505 2503 121 526 528 537 87 58 60 1544 1502 1504 1506 1508 1510 1512 1010 1072 1014 1409 1048 1050 1074 1059 1057 1055 1045 1063 1034 1414 1416 1024 1102 1100
add_route 14t  1100 1101 1025 1417 1033 1062 1044 1064 1054 1056 1058 1071 1051 1053 1017 1021 1069 1067 1013 1011 1675 1511 1509 1507 1505 1503 1543 61 59 72 38 536 529 506 120 2500 2502 2506 2508 2598 2588 2596 2594 2560 2593 2595 2597 7002 7004 2613 2611 2603
add_route 14Tc  2603 2605 2607 2582 2584 2591 2621 2561 2565 2625 2627 2545 2571 2541 2587 2511 2509 2507 2505 2503 121 526 528 537 87 58 60 1544 1502 1504 1506 1508 1510 1512 1010 1072 1014 1409 1048 1050 1071 1059 1057 1055 1045 1063 1034 1414 1416 1024 1102 1100
add_route 14Tt  1100 1101 1025 1417 1033 1062 1044 1064 1054 1056 1058 1071 1051 1053 1017 1021 1069 1067 1013 1011 1675 1511 1509 1507 1505 1503 1543 61 59 72 38 536 529 506 120 2500 2502 2506 2508 2598 2588 2540 2542 2544 2626 2624 2566 2568 2557 2590 2595 2597 7002 7004 2613 2611 2603
add_route 15c  3545 3543 3541 3539 3537 3535 3533 601 121 526 528 586 546 558 5022 5252 5024 5196 5198 5026 5028 5030
add_route 15t  5030 5135 5029 5027 5025 5023 547 559 545 529 506 120 524 3532 3534 3536 3538 3540 3542 3545
add_route 17t  1592 1589 1587 1585 1583 1677 1735 1733 1731 1537 1535 1533 1701 1599 1597 1595 1593 1519 1515 1513 1511 1509 1507 1505 1503 1501 29 25 12 504 510 4500 4504 4506 4514 4518 4520 4522 4524 4526 4556 4530 4568 4534 4536 4538 4540 4542 4418 4544 4546 4088 4102 4050 4065
add_route 17c  4065 4054 4056 4100 4051 4091 4547 4545 4543 4541 4539 4537 4533 4531 4529 4527 4525 4523 4521 4519 4517 4507 4505 4503 4501 511 505 35 24 28 1500 1502 1504 1506 1508 1510 1512 1514 1518 1594 1596 1598 1600 1712 1532 1534 1536 1730 1732 1734 1580 1582 1584 1586 1588 1592
add_route 24c  3633 3715 3735 3523 3731 3729 3517 3515 3951 3513 3943 4565 3944 3949 543 535 533 595 596 87 69 3
add_route 24t  3 38 600 590 532 549 558 4564 4566 3942 3950 3516 3518 3728 3730 3642 3734 3704 3714 3633
add_route 26t  1900 1557 1555 1553 1551 1549 1547 1545 1671 1513 1511 1509 1507 1505 1503 1501 29 25 41 553 522 2500 2502 2506 2508 2598 2588 2540 2586 2580 2578 3042 3018 3020 3052 7500 7504 7506 7508 7510 7512 7514 7650 7652 7654 7656 7658 7660 7662
add_route 28Ac  5221 5217 5215 5213 5211 5209 5207 5205 5201 5203 5095 5093 5091 5131 5089 5087 5085 5124 5119 5117 5043 5041 5039 5007 5005 5003 5001 5149 511 505 15 24 26 98 1002 1006 1010 1066 1068 1016 1018 1030 1032 1038 1040 1042 1046 1200 1202 1204 1206 1208 1210 1214 1047
add_route 28Bt  1047 1215 1211 1209 1207 1205 1203 1201 1043 1041 1039 1037 1031 1029 1019 1017 1075 1067 1013 1011 1009 1007 1003 99 29 25 11 504 510 5000 5004 5006 5008 5038 5040 5042 5044 5116 5118 5048 5086 5082 5088 5090 5092 5094 5200 5180 5202 5204 5206 5208 5210 8174 8176 8190 8200 8202 8204 8206 8208 8210 8300 8313
add_route 28Bc  8313 8301 8211 8209 8207 8205 8203 8190 8201 8177 8175 5209 5207 5205 5201 5203 5095 5093 5091 5131 5089 5087 5085 5124 5119 5117 5043 5041 5039 5007 5005 5003 5001 5149 511 505 15 24 26 98 1002 1006 1010 1066 1068 1016 1018 1030 1032 1038 1040 1042 1046 1200 1202 1204 1206 1208 1210 1214 1047
add_route 28At  1047 1215 1211 1209 1207 1205 1203 1201 1043 1041 1039 1037 1031 1029 1019 1017 1075 1067 1013 1011 1009 1007 1003 99 29 25 11 504 510 5000 5004 5006 5008 5038 5040 5042 5044 5116 5118 5048 5086 5082 5088 5090 5092 5094 5200 5180 5202 5204 5206 5208 5210 5212 5214 5216 5218 5221
add_route 38Rc  5264 5091 5131 5250 5248 5141 4573 5143 5145 4563 5081 5123 5125 4559 4531 4022 4024 4028 4030 4032 3564 3566 3568 3570 3736 3730 3642 3734 3704 3714 3937 3935 3923 3925 3941 4083 4085
add_route 28Cc  8331 8315 8329 8327 8325 8323 8309 8307 8305 8303 8301 8211 8209 8207 8205 8203 8190 8201 8177 8175 5209 5207 5205 5201 5203 5095 5093 5091 5131 5089 5087 5085 5124 5119 5117 5043 5041 5039 5007 5005 5003 5001 5149 511 505 15 24 26 98 1002 1006 1010 1066 1068 1016 1018 1030 1032 1038 1040 1042 1046 1200 1202 1204 1206 1208 1210 1214 1047
add_route 28Ct  11 504 510 5000 5004 5006 5008 5038 5040 5042 5044 5116 5118 5048 5086 5082 5088 5090 5092 5094 5200 5180 5202 5204 5206 5208 5210 8174 8176 8190 8200 8202 8204 8206 8208 8210 8300 8302 8304 8306 8320 8322 8324 8326 8328 8314 8331
add_route 91t  5218 5400 5402 5404 5406 5408 5410 5412 5414 5416 5422 5425
add_route 91c  5425 5421 5417 5415 5413 5411 5409 5407 5405 5403 5401 5217
add_route 32c  5102 5060 5146 5114 4998 5010 5112 5062 5064 5066 5068 5070 4558 4080 4018 4020 4022 4024 4028 4030 4032 3564 3566 3580 3711 3709 3707 3701 3715 3522 3717 3598 3579 3629 3625 3627 3517 3125 3127 3129 3131 3121 3123 3095 3093 3041 3039 3091 3005 3109 2529 2509 2569 2527 2525 2505 2503 121 526 108 600 700 702 706 708
add_route 38t  3735 3523 3731 3737 3519 3569 3567 3565 4033 4031 4027 4025 4532 5126 5128 4572 5130 5132 4578 5134 5136 5129 5259 5088 5090 5257 5264
add_route 40c  8035 8031 8029 8027 8025 8023 8021 8019 8017 8015 8013 8011 8009 8007 8005 8003 8001 4115 4117 4055 4053 4049 4047 4023 4021 4019 4017 4015 4013 4011 4007 4005 4003 4001 565 561 505 1
add_route 73Kc  8567 8555 8565 8563 8561 8721 8723 8570 8572 8576 8578 8580 8582 8584 8586 8588 8590 8596 8598
add_route 70t  8520 8511 8509 8507 8505 8503 8501 1513 1511 1509 1507 1505 1503 1501 29 25 10
add_route 73Kt  8598 8597 8591 8589 8587 8585 8583 8581 8579 8577 8573 8571 8722 8720 8560 8562 8564 8554
add_route 10c  4078 4077 4073 4079 3584 3555 3553 3551 3549 3117 3562 3589 3088 3085 3083 3081 3069 3067 3065 3063 3061 3557 601 523 519 8
add_route 10t  8 553 522 524 3062 3064 3066 3068 3082 3084 3086 3118 3590 3080 3120 3548 3552 3554 3556 3583 4072 4074 4076 4078
add_route 31c  3060 3145 3147 3652 3097 3201 3079 3077 3075 3073 3071 3069 3099 3030 3003 3001 601 523 519 36 22 31
add_route 31t  31 25 10 553 522 524 3000 3901 3031 3100 3068 3070 3072 3074 3076 3078 3200 3098 3653 3142 3144 3060
add_route 40Bc  8065 8061 8063 8049 8047 8045 8043 8041 8039 8037 8035 8031 8029 8027 8025 8023 8021 8019 8017 8015 8013 8011 8009 8007 8005 8003 8001 4115 4117 4055 4053 4049 4047 4023 4021 4019 4017 4015 4013 4011 4007 4005 4003 4001 565 561 505 1
add_route 50Ac  7 553 522 524 3000 3002 3004 3006 3008 3116 3010 3012 3014 3016 3018 3020 3052 7500 7504 7506 7508 7510 7512 7514 7516 7518 7520 7522 7524 7526 7528 7530 7532 7534 7536 7538 7540 7542 7544 7548 7550 7552 7554 7556 7558 7560 7562 7564 7566 7568 7570 7572 7573
add_route 50At  7573 7571 7569 7567 7565 7563 7561 7559 7557 7555 7553 7551 7549 7547 7543 7541 7539 7537 7535 7533 7531 7529 7527 7525 7523 7521 7519 7517 7515 7513 7511 7509 7507 7505 7503 7501 3133 3021 3019 3017 3015 3013 3011 3115 3009 3007 3005 3003 3001 601 523 519 7
add_route 40Bt  1 504 560 562 566 4000 4002 4004 4006 4008 4010 4012 4014 4016 4018 4020 4022 4046 4048 4052 4112 4058 4060 8000 8002 8004 8006 8008 8010 8012 8014 8016 8018 8020 8022 8024 8028 8030 8032 8034 8042 8044 8046 8048 8050 8052 8068 8066 8065
add_route 50Bc  7 553 522 524 3000 3002 3004 3006 3008 3116 3010 3012 3014 3016 3018 3020 3052 7500 7504 7506 7508 7510 7512 7514 7516 7518 7520 7522 7524 7526 7528 7530 7532 7534 7536 7538 7540 7542 7544 7548 7550 7552 7554 7556 7558 7560 7579 7580 7586 7590
add_route 40At  1 504 560 562 566 4000 4002 4004 4006 4008 4010 4012 4014 4016 4018 4020 4022 4046 4048 4052 4112 4058 4060 8000 8002 8004 8006 8008 8010 8012 8014 8016 8018 8020 8022 8024 8028 8030 8032 8034 8101 8103 8150 8152 8154 8156 8158 8160 8162 8164 8166
add_route 40Ac  8166 8163 8161 8159 8157 8155 8153 8151 8104 8102 8035 8031 8029 8027 8025 8023 8021 8019 8017 8015 8013 8011 8009 8007 8005 8003 8001 4115 4117 4055 4053 4049 4047 4023 4021 4019 4017 4015 4013 4011 4007 4005 4003 4001 565 561 505 1
add_route 50Bt  7590 7589 7587 7581 7578 7559 7557 7555 7553 7551 7549 7547 7543 7541 7539 7537 7535 7533 7531 7529 7527 7525 7523 7521 7519 7517 7515 7513 7511 7509 7507 7505 7503 7501 3133 3021 3019 3017 3015 3013 3011 3115 3009 3007 3005 3003 3001 601 523 519 7
add_route 40Ct  1 504 560 562 566 4000 4002 4004 4006 4008 4010 4012 4014 4016 4018 4020 4022 4046 4048 4052 4112 4058 4060 8000 8002 8004 8006 8008 8010 8012 8014 8016 8018 8020 8022 8024 8028 8030 8032 8034 8042 8044 8046 8048 8050 8052 8054 8076 8074 8072 8079 8078 8066 8065
add_route 40t  1 504 560 562 566 4000 4002 4004 4006 4008 4010 4012 4014 4016 4018 4020 4022 4046 4048 4052 4112 4058 4060 8000 8002 8004 8006 8008 8010 8012 8014 8016 8018 8020 8022 8024 8028 8030 8032 8034
add_route 50Ct  7573 7571 7569 7567 7565 7563 7561 7559 7557 7555 7553 7551 7549 7547 7543 7701 7711 7703 7705 7707 7709 7529 7527 7525 7523 7521 7519 7517 7515 7513 7511 7509 7507 7505 7503 7501 3133 3021 3019 3017 3015 3013 3011 3115 3009 3007 3005 3003 3001 601 523 519 7
add_route 50Cc  7 553 522 524 3000 3002 3004 3006 3008 3116 3010 3012 3014 3016 3018 3020 3052 7500 7504 7506 7508 7510 7512 7514 7516 7518 7520 7522 7524 7526 7528 7530 7708 7706 7704 7702 7710 7700 7544 7548 7550 7552 7554 7556 7558 7560 7562 7564 7566 7568 7570 7572 7573
add_route 50c  7 553 522 524 3000 3002 3004 3006 3008 3116 3010 3012 3014 3016 3018 3020 3052 7500 7504 7506 7508 7510 7512 7514 7516 7518 7520 7522 7524 7526 7528 7530 7532 7534 7536 7538 7540 7542 7544 7548 7550 7552 7554 7556 7558 7560
add_route 50t  7559 7557 7555 7553 7551 7549 7547 7543 7541 7539 7537 7535 7533 7531 7529 7527 7525 7523 7521 7519 7517 7515 7513 7511 7509 7507 7505 7503 7501 3133 3021 3019 3017 3015 3013 3011 3115 3009 3007 3005 3003 3001 601 523 519 7
add_route 40Cc  8065 8061 8063 8054 8067 8069 8071 8073 8075 8051 8049 8047 8045 8043 8041 8039 8037 8035 8031 8029 8027 8025 8023 8021 8019 8017 8015 8013 8011 8009 8007 8005 8003 8001 4115 4117 4055 4053 4049 4047 4023 4021 4019 4017 4015 4013 4011 4007 4005 4003 4001 565 561 505 1
add_route 70c  14 24 28 1500 1502 1504 1506 1508 1510 1512 8500 8502 8504 8506 8508 8510 8520
add_route 70Yc  14 24 28 1500 1502 1504 1506 1508 1510 1512 1514 1518 1520 1522 1524 1526 1562 1564 1566 1762 1758 1764 1766 1768 8750 8752 8756 8502 8504 8506 8508 8510 8520
add_route 74t  8520 8722 8720 8560 8562 8564 8554 8539 8537 8725 8505 8503 8501 1513 1511 1509 1507 1505 1503 1501 29 25 10
add_route 72t  8658 8657 8655 8653 8651 8630 8628 8626 8624 8623 8621 8619 8617 8615 8647 1513 1511 1509 1507 1505 1503 1501 29 25 10
add_route 73t  8598 8597 8591 8589 8587 8585 8583 8581 8579 8577 8573 8571 8524
add_route 71t  8625 8627 8629 8631 8633 8635 8637 8639 8641 8643 8645 8603 8601 8526
add_route 71SKc  14 87 52 54 56 1000 1002 1006 1010 1012 1014 1450 1643 1822 1820 1622 1646 1645 1687 1679 1532 1534 1536 1602 1604 1606 1802 1804 1806 1808 1809 1807 8735 8733 8731 8729 8539 8537 8535 8533 8569 8531 8524
add_route 73c  8624 8623 8621 8619 8617 8615 8613 8611 8609 8607 8645 8603 8601 8522
add_route 71Kc  14 87 52 54 56 1000 1002 1006 1010 1012 1014 1450 1643 1822 1820 1622 1646 1645 1687 1679 1532 1534 1536 1602 1604 1606 1802 1804 1806 8735 8733 8731 8729 8539 8537 8535 8533 8569 8531 8524
add_route 71Kt  8625 8627 8629 8631 8633 8635 8637 8639 8641 8643 8645 8605 8603 8601 8526
add_route 71SKt  8625 8627 8629 8631 8633 8635 8637 8639 8641 8643 8645 8605 8603 8601 8526
add_route 71c  14 87 52 54 56 1000 1002 1006 1010 1012 1014 1450 1643 1822 1820 1622 1646 1645 1687 1679 1532 1534 1536 1602 1604 1606 1802 1804 1806 8735 8733 8731 8729 8567 8555 8565 8563 8561 8721 8723 8524
add_route 72c  14 24 28 1500 1502 1504 1506 1508 1510 1512 8612 8614 8616 8618 8620 8622 8625 8627 8629 8631 8650 8652 8654 8656 8658
add_route 71Sc  14 87 52 54 56 1000 1002 1006 1010 1012 1014 1450 1643 1822 1820 1622 1646 1645 1687 1679 1532 1534 1536 1602 1604 1606 1802 1804 1806 1808 1809 1807 8735 8733 8731 8729 8567 8555 8565 8563 8561 8721 8723 8524
add_route 71St  8625 8627 8629 8631 8633 8635 8637 8639 8641 8643 8645 8605 8603 8601 8526
add_route 80c  5055 5121 5111 5109 5101 5097 5137 5099 5139 5057 5065 5063 5061 5113 5009 5007 5005 5003 5001 5149 511 505 3 24 26 98 1002 1006 1010 1066 1068 1450 1643 1822 1654 1656 1658 6090 6092 6094 6096 6098 6100 6110 6120 6122 6124 6126 6128 6130 6132 6134 6136 6114 3670
add_route 80t  6117 6115 6135 6133 6131 6129 6127 6125 6123 6121 6113 6111 6025 6099 6097 6095 6093 6091 1659 1657 1823 1642 1451 1075 1067 1013 1011 1009 1007 1003 99 29 25 11 504 510 5000 5004 5006 4998 5010 5112 5062 5064 5066 5058 5096 5098 5100 5104 5106 5108 5110 5120 5055
add_route 80Yt  6117 6115 6135 6133 6131 6129 6127 6125 6123 6121 6113 6111 6025 6021 6019 6017 6015 6013 6011 6009 6007 6005 6003 6001 1685 1661 1659 1657 1823 1642 1451 1075 1067 1013 1011 1009 1007 1003 99 29 25 10
add_route 81t  6176 6178 6180 6182 6184 6186 6188 6171 6119 6117 6115 6113 6111 6025 6021 6019 6017 6015 6013 6011 6009 6007 6005 6003 6001 1685 1661 1659 1657 1655 1653 1651 1649 1519 1515 1513 1511 1509 1507 1505 1503 1501 29 25 10
add_route 81c  3 24 28 1500 1502 1504 1506 1508 1510 1512 1514 1518 1648 1650 1652 1654 1656 1658 1660 1680 6000 6002 6004 6006 6008 6010 6012 6014 6016 6018 6020 6100 6110 6112 6114 6116 6118 6260 6170 6172 6174 6176
add_route 90c  5349 5347 5345 5343 5341 5339 5337 5335 5333 5331 5329 5327 5325 5321 5319 5317 5315 5313 5311 5309 5305 5303 5217 5215 5213 5211 5209 5207 5205 5201 5203 5095 5093 5091 5131 5089 5087 5085 5124 5119 5117 5043 5041 5039 5007 5005 5003 5001 5149 511 505 36 22 31
add_route 90Tt  31 25 10 504 510 5000 5004 5006 5008 5038 5040 5042 5044 5116 5118 5048 5086 5082 5088 5090 5092 5094 5200 5180 5202 5204 5206 5208 5210 5212 5214 5216 5218 5304 5308 5310 5312 5314 5316 5318 5320 5322 5324 5326 5328 5330 5332 5334 5336 5338 5340 5342 5344 5346 5348
add_route 90Tc  5349 5347 5345 5343 5341 5339 5337 5335 5333 5331 5329 5327 5325 5321 5319 5317 5315 5313 5311 5309 5305 5303 5217 5215 5213 5211 5209 5207 5205 5201 5203 5095 5093 5091 5131 5089 5087 5085 5124 5119 5117 5043 5041 5039 5007 5005 5003 5001 5149 511 505 36 22 31
add_route 90t  31 25 10 504 510 5000 5004 5006 5008 5038 5040 5042 5044 5116 5118 5048 5086 5082 5088 5090 5092 5094 5200 5180 5202 5204 5206 5208 5210 5212 5214 5216 5218 5304 5308 5310 5312 5314 5316 5318 5320 5322 5324 5326 5328 5330 5332 5334 5336 5338 5340 5342 5344 5346 5348
add_route 90Mc  5349 5347 5345 5343 5341 5339 5337 5335 5333 5331 5329 5327 5325 5321 5319 5317 5315 5313 5311 5309 5305 5303 5217 5215 5213 5211 5209 5207 5205 5201 5203 5095 5093 5091 5131 5089 5087 5085 5124 5119 5117 5043 5041 5039 5007 5005 5003 5001 5149 511 505 36 22 31
add_route 90Mxt  31 25 10 504 510 5000 5004 5006 5008 5038 5040 5042 5044 5116 5118 5220 5212 5214 5216 5218 5304 5308 5310 5312 5314 5316 5318 5320 5322 5324 5326 5328 5330 5332 5334 5336 5338 5340 5342 5344 5346 5348
add_route 90Mxc  5349 5347 5345 5343 5341 5339 5337 5335 5333 5331 5329 5327 5325 5321 5319 5317 5315 5313 5311 5309 5305 5303 5217 5215 5213 5211 5119 5117 5043 5041 5039 5007 5005 5003 5001 5149 511 505 36 22 31
add_route 90Mt  31 25 10 504 510 5000 5004 5006 5008 5038 5040 5042 5044 5116 5118 5048 5086 5082 5088 5090 5092 5094 5200 5180 5202 5204 5206 5208 5210 5212 5214 5216 5218 5304 5308 5310 5312 5314 5316 5318 5320 5322 5324 5326 5328 5330 5332 5334 5336 5338 5340 5342 5344 5346 5348
add_route 90Txt  31 25 10 504 510 5000 5004 5006 5008 5038 5040 5042 5044 5116 5118 5220 5212 5214 5216 5218 5304 5308 5310 5312 5314 5316 5318 5320 5322 5324 5326 5328 5330 5332 5334 5336 5338 5340 5342 5344 5346 5348
add_route 90Txc  5349 5347 5345 5343 5341 5339 5337 5335 5333 5331 5329 5327 5325 5321 5319 5317 5315 5313 5311 5309 5305 5303 5217 5215 5213 5211 5119 5117 5043 5041 5039 5007 5005 5003 5001 5149 511 505 36 22 31
add_route 92Bc  5218 5501 5503 5505 5565 5507 5511 5513 5524 5527 5529 5531 5533 5535 5537 5539 5541 5543 5545 5547 5549 5551 5553 5555 5557 5559 5561 5563 5327 5325 5323 5649 5647 5645 5305 5303 5217
add_route 92BKc  5218 5501 5503 5505 5565 5507 5511 5513 5524 5527 5529 5531 5533 5535 5537 5539 5541 5543 5545 5547 5549 5551 5553 5555 5557 5559 5561 5563 5326 5328 5330 5332 5334 5336 5339 5337 5335 5333 5331 5329 5327 5325 5323 5649 5647 5645 5305 5303 5217
add_route 92Ac  5339 5337 5335 5333 5331 5329 5564 5562 5560 5558 5556 5554 5552 5550 5548 5546 5544 5542 5540 5538 5536 5534 5532 5530 5528 5524 5512 5510 5506 5566 5504 5502 5500 5217 5304 5306 5644 5646 5648 5322 5324 5326 5328 5330 5332 5334 5336 5338
add_route 6c  3633 3715 3735 3523 3731 3737 3519 3569 3587 3585 3549 4017 4015 4013 4011 4007 4005 4003 4001 564 569 519 36 79 47 92
add_route 6t  92 50 80 10 553 570 566 4000 4002 4004 4006 4008 4010 4012 4014 4016 3548 3588 3560 3568 3570 3736 3730 3642 3734 3704 3714 3633
add_route 9At  574 566 4000 4002 4004 4006 4008 4010 4012 4014 4016 4018 4020 4022 4024 4028 4030 4034 4106 4108 4082 4104 4045
add_route 9Ac  4045 4099 4087 4089 4097 4035 4033 4031 4027 4025 4023 4021 4019 4017 4015 4013 4011 4007 4005 4003 4001 564 574
add_route 9Bt  574 566 4000 4002 4004 4006 4008 4010 4012 4014 4016 4018 4020 4022 4024 4028 4030 4034 4106 4108 4082 4432 4430
add_route 9Bc  4430 4433 4087 4089 4097 4035 4033 4031 4027 4025 4023 4021 4019 4017 4015 4013 4011 4007 4005 4003 4001 564 574
add_route 20c  3 24 28 1500 1502 1504 1506 1508 1510 1512 1514 1518 1520 1522 1524 1526 1528 1530 1610 1612 1614 1616 1618 1620 1665 1663 1672
add_route 20t  1672 1662 1664 1619 1617 1615 1613 1679 1611 1531 1529 1527 1525 1523 1521 1519 1515 1513 1511 1509 1507 1505 1503 1501 29 25 8 504 510 5000 5004 4564 4566 3942 3950 3516 3518 3728 3730 3642 3734 3704 3714 3937 3935 3923 3925 3941 4083 4085 4087 4041 4043 4039 4096
