add_route 55c  3003 3001 601 521
add_route 55t  521 524 3000 3002
add_route 55Kt  521 524 3000 3002
add_route 55Kc  3003 3001 601 521
add_route 85t  1009 1007 1003 99 29 25 10
add_route 85c  3 24 26 98 1002 1006
add_route 85Pt  1009 1007 1003 99 29 25 10
add_route 85Vc  3 24 26 98 1002 1006
add_route 85Vt  1009 1007 1003 99 29 25 10
add_route 29Bt  1513 1511 1509 1507 1505 1503 1501 29 25 11 504 510 5000 5004 5006 4998 5010 5112 5062 5064 5066 5068 5070 5074 5076 5078 5080
add_route 29Ac  5079 5077 5075 5073 5071 5069 5067 5065 5063 5061 5113 5009 5007 5005 5003 5001 5149 511 505 35 24 28 1500 1502 1504 1506 1508 1510 1512
add_route 29At  1513 1511 1509 1507 1505 1503 1501 29 25 11 504 510 5000 5004 5006 4998 5010 5112 5062 5064 5066 5068 5070 5074 5076 5078 5080
add_route 29Bc  5079 5077 5075 5073 5071 5069 5067 5065 5063 5061 5113 5009 5007 5005 5003 5001 5149 511 505 35 24 28 1500 1502 1504 1506 1508 1510 1512
add_route 79At  1513 1511 1509 1507 1505 1503 1501 29 25 10
add_route 79Bc  14 24 28 1500 1502 1504 1506 1508 1510 1512
add_route 79Bt  1513 1511 1509 1507 1505 1503 1501 29 25 10
add_route 21c  3563 3117 3562 3653 3651 3121 3055 3051 3049 3047 3045 3103 3039 3091 3005 3109 2529 2509 2569 2527 2525 2505 2503 2501 523 519 15 24 26 98 1002 1006
add_route 21t  1009 1007 1003 99 29 25 2 553 522 2500 2526 2556 2506 2508 2528 3110 3090 3092 3102 3044 3046 3048 3050 3054 3122 3124 3650 3652 3080 3563
add_route 65t  2524 2521 2519 2517 2515 2513 2511 2528 3110 3172 3094 3096 3122 3126 3128 3130 3132 3518
add_route 65c  3517 3125 3127 3129 3131 3121 3123 3095 3093 3173 3109 2529 2510 2512 2514 2516 2518 2520 2558
add_route 65xc  3517 3515
add_route 65xt  3516 3518
add_route 25t  2017 2033 2015 2013 2011 2009 2007 2005 2003 2001 65 25 12 553 570 566 4000 4002 4510 4508 4512 4518 4520 4522 4524 4582 4584 4420 4557 4556 4530
add_route 25c  4529 4527 4419 4421 4581 4583 4523 4521 4519 4517 4509 4511 4513 4001 564 569 519 15 24 64 2000 2002 2004 2006 2008 2012 2014 2016 2024 2017
add_route 42t  31 25 10 504 510 5000 5004 5006 5008 5038 5040 5042 5044 5116 5118
add_route 42c  5119 5117 5043 5041 5039 5007 5005 5003 5001 5149 511 575 36 22 31
add_route 42KPt  31 25 10 504 510 5000 5004 5006 5008 5038 5040 5042 5044 5116 5118
add_route 42Pc  5119 5117 5043 5041 5039 5007 5003 5001 5149 511 575 36 22 31
add_route 42Pt  31 25 10 504 510 5000 5004 5006 5008 5038 5040 5042 5044 5116 5118
add_route 42Kc  5119 5117 5043 5041 5039 5007 5005 5003 5001 5149 511 575 36 22 31
add_route 95Rc  5119 5117 5043 5039 5007 5001 511 506 521
add_route 95Xt  521 526 5000 5008 5038 5044 5118
add_route 95c  5119 5117 5043 5039 5007 5003 5001 511 506 521
add_route 95Xc  5119 5043 5039 5007 5001 506 521
add_route 95t  521 526 510 5000 5004 5006 5008 5038 5040 5042 5044 5116 5118
add_route 115t  2031 2029 2027 2025 2023 2021 2019 49 80 42
add_route 115c  42 44 46 48 2018 2020 2022 2026 2028 2030 2031
add_route 33c  3163 3107 3105 3045 3103 3039 3091 3005 3109 2529 2509 2569 2527 2525 2505 2503 2501 523 519 5
add_route 33Yt  5 553 522 524 3000 3002 3158
add_route 33t  5 553 522 2500 2526 2556 2506 2508 2528 3110 3090 3092 3102 3044 3104 3106 3158
add_route 33Yc  3163 3003 3001 601 523 519 5
add_route 35t  41 553 522 524 3000 3002 3004 3006 3008
add_route 35c  3009 3007 3005 3003 3001 601 523 519 41
add_route 43c  4023 4021 4019 4017 4015 4013 4011 4007 4005 4003 4001 565 569 521
add_route 43t  521 566 4000 4004 4006 4008 4010 4012 4014 4016 4018 4020 4022
add_route 51c  3003 3001 601 523
add_route 51t  521 524 3000 3002
add_route 51It  521 524 3000 3002
add_route 51Ic  3003 3001 601 523
add_route 53t  521 524 3000 3002 3004 3006 3008
add_route 53c  3009 3007 3005 3003 3001 601 523
add_route 1Cc  5119 5117 5043 5041 5039 5007 5005 5003 5001 5149 511 506 576 522 2500 2502 2506 2508 2510 2512 2514 2516 2518 2520 2558
add_route 1Bt  2524 2521 2519 2517 2515 2513 2511 2509 2507 2505 2503 2501 523 574 526 510 5000 5004 5006 5008 5038 5040 5042 5044 5116 5118
add_route 1c  5119 5117 5043 5041 5039 5007 5005 5003 5001 5149 511 506 576 522 2500 2502 2506 2508 2510 2512 2514 2516 2518 2520 2558
add_route 1t  2524 2521 2519 2517 2515 2513 2511 2509 2507 2505 2503 2501 523 574 526 510 5000 5004 5006 5008 5038 5040 5042 5044 5116 5118
add_route 1Bc  5119 5117 5043 5041 5039 5007 5005 5003 5001 5149 511 506 576 522 2500 2502 2506 2508 2510 2512 2514 2516 2518 2520 2558
add_route 1Ct  2524 2521 2519 2517 2515 2513 2511 2509 2507 2505 2503 2501 523 574 526 510 5000 5004 5006 5008 5038 5040 5042 5044 5116 5118
add_route 1Ac  5119 5117 5043 5041 5039 5007 5005 5003 5001 5149 511 506 576 522 2500 2502 2506 2508 2510 2512 2514 2516 2518 2520 2558
add_route 1At  2524 2521 2519 2517 2515 2513 2511 2509 2507 2505 2503 2501 523 574 526 510 5000 5004 5006 5008 5038 5040 5042 5044 5116 5118
add_route 2c  5021 4903 5019 5017 5015 535 549 545 541 560 562 564 569 519 36 22 31
add_route 2t  31 25 10 553 570 563 561 540 542 546 550 534 5014 5018 5020 5021
add_route 3Bt  1009 1007 1003 1001 57 55 83 53 12 504 510 4500 4504 4506 4514 4518 3942 3950 3516 3518
add_route 3Bc  3517 3515 3951 3513 3943 4517 4507 4505 4503 4501 511 505 15 87 52 54 56 1000 1002 1006
add_route 3At  1009 1007 1003 1001 57 55 83 53 12 504 510 4500 4504 4506 4514 4518 3942 3950 3516 3518
add_route 3Ac  3517 3515 3951 3513 3943 4517 4507 4505 4503 4501 511 505 15 87 52 54 56 1000 1002 1006
add_route 3Rt  1009 1007 1003 1001 57 55 83 53 12
add_route 36t  1009 4951 5147 5059 5103
add_route 36c  5102 5060 5146 5114 1006
add_route 26c  2541 2587 2511 2509 2507 2505 2503 2501 523 519 35 24 28 1500 1502 1504 1506 1508 1510 1512
add_route 4Yt  1 553 522 524 3062 3064 3066 3068 3070 3072 3094 3096 3122 3126 3128 3130 3132 3518
add_route 4Yc  3517 3125 3127 3129 3131 3121 3123 3095 3093 3073 3071 3069 3067 3065 3063 3061 3557 601 523 519 1
add_route 4c  3517 3515 3951 3513 3511 3999 3509 3507 3505 3503 3557 601 523 576
add_route 4t  576 522 524 3500 3502 3504 3508 3510 4010 3512 3950 3516 3518
add_route 38c  4022 3564 3566
add_route 5c  3009 3007 3005 3003 3001 601 523 519 42
add_route 5t  42 553 522 524 3000 3002 3004 3006 3008 3517 3515 3951 3513 3943 4565 3944 4951 5147 5059 5103
add_route 32t  708 701 552 596 536 529 506 120 2500 2526 2556 2506 2508 2528 3110 3090 3092 3038 3040 3094 3096 3122 3126 3128 3130 3132 3518 3567 3565 4023 4021 4019 4081 4557 5069 5067 5065 5063 5061 5113 5009 4951 5147 5059 5103
add_route 8t  1513 1511 1509 1507 1505 1503 1501 29 25 11 504 510 5000 5004 5006 5008 5038 5040 5042 5044 5116 5118
add_route 8c  5119 5117 5043 5041 5039 5007 5005 5003 5001 5149 511 505 35 24 28 1500 1502 1504 1506 1508 1510 1512
add_route 137t  4526 4556 4530
add_route 11Bc  2524 2521 2519 2517 2515 2513 2511 2509 2569 2527 2525 2505 2503 2501 523 519 35 24 28 1500 1502 1504 1506 1508 1510 1512
add_route 11Bt  1513 1511 1509 1507 1505 1503 1501 29 25 2 553 522 2500 2526 2556 2506 2508 2510 2512 2514 2516 2518 2520 2558
add_route 11Ct  1513 1511 1509 1507 1505 1503 1501 29 25 2 553 522 2500 2526 2556 2506 2508 2510 2512 2514 2516 2518 2520 2558
add_route 11Cc  2524 2521 2519 2517 2515 2513 2511 2509 2569 2527 2525 2505 2503 2501 523 519 35 24 28 1500 1502 1504 1506 1508 1510 1512
add_route 27c  2 553 522 2500 2502 2506 2508 2598 2588 2540
add_route 11c  2524 2521 2519 2517 2515 2513 2511 2509 2569 2527 2525 2505 2503 2501 523 519 35
add_route 11t  2 553 522 2500 2526 2556 2506 2508 2510 2512 2514 2516 2518 2520 2558
add_route 27t  2541 2587 2511 2509 2507 2505 2503 2501 523 519 35
add_route 12c  3134 3141 3143 3125 3127 3129 3131 3121 3123 3095 3093 3041 3039 3037 3035 3033 3031 3029 3027 3025 3101 601 523 519 5
add_route 12t  5 553 522 524 3024 3026 3028 3030 3032 3034 3036 3038 3040 3094 3096 3122 3126 3128 3130 3132 3136 3138 3134
add_route 137c  4529 4527 4525
add_route 14c  2554 2583 2585 2587 2511 2509 2507 2505 2503 121 526 528 537 87 58 60 1544 1502 1504 1506 1508 1510 1512
add_route 14t  1675 1511 1509 1507 1505 1503 1543 61 59 72 38 536 529 506 120 2500 2502 2506 2508 2598 2588 2596 2594 2560
add_route 14Tc  2541 2587 2511 2509 2507 2505 2503 121 526 528 537 87 58 60 1544 1502 1504 1506 1508 1510 1512
add_route 14Tt  1675 1511 1509 1507 1505 1503 1543 61 59 72 38 536 529 506 120 2500 2502 2506 2508 2598 2588 2540
add_route 15c  3545 3543 3541 3539 3537 3535 3533 601 121 526 528 586 546 558 5022 5252 5024 5196 5198 5026 5028 5030
add_route 15t  5030 5135 5029 5027 5025 5023 547 559 545 529 506 120 524 3532 3534 3536 3538 3540 3542 3545
add_route 17t  1513 1511 1509 1507 1505 1503 1501 29 25 12 504 510 4500 4504 4506 4514 4518 4520 4522 4524 4526 4556 4530
add_route 17c  4529 4527 4525 4523 4521 4519 4517 4507 4505 4503 4501 511 505 35 24 28 1500 1502 1504 1506 1508 1510 1512
add_route 24c  3517 3515 3951 3513 3943 4565 3944 3949 543 535 533 595 596 87 69 3
add_route 24t  3 38 600 590 532 549 558 4564 4566 3942 3950 3516 3518
add_route 26t  1513 1511 1509 1507 1505 1503 1501 29 25 41 553 522 2500 2502 2506 2508 2598 2588 2540
add_route 28Ac  5119 5117 5043 5041 5039 5007 5005 5003 5001 5149 511 505 15 24 26 98 1002 1006
add_route 28Bt  1009 1007 1003 99 29 25 11 504 510 5000 5004 5006 5008 5038 5040 5042 5044 5116 5118
add_route 28Bc  5119 5117 5043 5041 5039 5007 5005 5003 5001 5149 511 505 15 24 26 98 1002 1006
add_route 28At  1009 1007 1003 99 29 25 11 504 510 5000 5004 5006 5008 5038 5040 5042 5044 5116 5118
add_route 38Rc  4022 3564 3566
add_route 28Cc  5119 5117 5043 5041 5039 5007 5005 5003 5001 5149 511 505 15 24 26 98 1002 1006
add_route 28Ct  11 504 510 5000 5004 5006 5008 5038 5040 5042 5044 5116 5118
add_route 32c  5102 5060 5146 5114 4998 5010 5112 5062 5064 5066 5068 5070 4558 4080 4018 4020 4022 3564 3566 3517 3125 3127 3129 3131 3121 3123 3095 3093 3041 3039 3091 3005 3109 2529 2509 2569 2527 2525 2505 2503 121 526 108 600 700 702 706 708
add_route 38t  3567 3565
add_route 40c  4023 4021 4019 4017 4015 4013 4011 4007 4005 4003 4001 565 561 505 1
add_route 70t  1513 1511 1509 1507 1505 1503 1501 29 25 10
add_route 10c  3584 3555 3553 3551 3549 3117 3562 3589 3088 3085 3083 3081 3069 3067 3065 3063 3061 3557 601 523 519 8
add_route 10t  8 553 522 524 3062 3064 3066 3068 3082 3084 3086 3118 3590 3080 3120 3548 3552 3554 3556 3583
add_route 31c  3060 3145 3147 3652 3097 3201 3079 3077 3075 3073 3071 3069 3099 3030 3003 3001 601 523 519 36 22 31
add_route 31t  31 25 10 553 522 524 3000 3901 3031 3100 3068 3070 3072 3074 3076 3078 3200 3098 3653 3142 3144 3060
add_route 40Bc  4023 4021 4019 4017 4015 4013 4011 4007 4005 4003 4001 565 561 505 1
add_route 50Ac  7 553 522 524 3000 3002 3004 3006 3008
add_route 50At  3009 3007 3005 3003 3001 601 523 519 7
add_route 40Bt  1 504 560 562 566 4000 4002 4004 4006 4008 4010 4012 4014 4016 4018 4020 4022
add_route 50Bc  7 553 522 524 3000 3002 3004 3006 3008
add_route 40At  1 504 560 562 566 4000 4002 4004 4006 4008 4010 4012 4014 4016 4018 4020 4022
add_route 40Ac  4023 4021 4019 4017 4015 4013 4011 4007 4005 4003 4001 565 561 505 1
add_route 50Bt  3009 3007 3005 3003 3001 601 523 519 7
add_route 40Ct  1 504 560 562 566 4000 4002 4004 4006 4008 4010 4012 4014 4016 4018 4020 4022
add_route 40t  1 504 560 562 566 4000 4002 4004 4006 4008 4010 4012 4014 4016 4018 4020 4022
add_route 50Ct  3009 3007 3005 3003 3001 601 523 519 7
add_route 50Cc  7 553 522 524 3000 3002 3004 3006 3008
add_route 50c  7 553 522 524 3000 3002 3004 3006 3008
add_route 50t  3009 3007 3005 3003 3001 601 523 519 7
add_route 40Cc  4023 4021 4019 4017 4015 4013 4011 4007 4005 4003 4001 565 561 505 1
add_route 70c  14 24 28 1500 1502 1504 1506 1508 1510 1512
add_route 70Yc  14 24 28 1500 1502 1504 1506 1508 1510 1512
add_route 74t  1513 1511 1509 1507 1505 1503 1501 29 25 10
add_route 72t  1513 1511 1509 1507 1505 1503 1501 29 25 10
add_route 71SKc  14 87 52 54 56 1000 1002 1006
add_route 71Kc  14 87 52 54 56 1000 1002 1006
add_route 71c  14 87 52 54 56 1000 1002 1006
add_route 72c  14 24 28 1500 1502 1504 1506 1508 1510 1512
add_route 71Sc  14 87 52 54 56 1000 1002 1006
add_route 80c  5055 5121 5111 5109 5101 5097 5137 5099 5139 5057 5065 5063 5061 5113 5009 5007 5005 5003 5001 5149 511 505 3 24 26 98 1002 1006
add_route 80t  1009 1007 1003 99 29 25 11 504 510 5000 5004 5006 4998 5010 5112 5062 5064 5066 5058 5096 5098 5100 5104 5106 5108 5110 5120 5055
add_route 80Yt  1009 1007 1003 99 29 25 10
add_route 81t  1513 1511 1509 1507 1505 1503 1501 29 25 10
add_route 81c  3 24 28 1500 1502 1504 1506 1508 1510 1512
add_route 90c  5119 5117 5043 5041 5039 5007 5005 5003 5001 5149 511 505 36 22 31
add_route 90Tt  31 25 10 504 510 5000 5004 5006 5008 5038 5040 5042 5044 5116 5118
add_route 90Tc  5119 5117 5043 5041 5039 5007 5005 5003 5001 5149 511 505 36 22 31
add_route 90t  31 25 10 504 510 5000 5004 5006 5008 5038 5040 5042 5044 5116 5118
add_route 90Mc  5119 5117 5043 5041 5039 5007 5005 5003 5001 5149 511 505 36 22 31
add_route 90Mxt  31 25 10 504 510 5000 5004 5006 5008 5038 5040 5042 5044 5116 5118
add_route 90Mxc  5119 5117 5043 5041 5039 5007 5005 5003 5001 5149 511 505 36 22 31
add_route 90Mt  31 25 10 504 510 5000 5004 5006 5008 5038 5040 5042 5044 5116 5118
add_route 90Txt  31 25 10 504 510 5000 5004 5006 5008 5038 5040 5042 5044 5116 5118
add_route 90Txc  5119 5117 5043 5041 5039 5007 5005 5003 5001 5149 511 505 36 22 31
add_route 6c  3587 3585 3549 4017 4015 4013 4011 4007 4005 4003 4001 564 569 519 36 79 47 92
add_route 6t  92 50 80 10 553 570 566 4000 4002 4004 4006 4008 4010 4012 4014 4016 3548 3588 3560
add_route 9At  574 566 4000 4002 4004 4006 4008 4010 4012 4014 4016 4018 4020 4022
add_route 9Ac  4023 4021 4019 4017 4015 4013 4011 4007 4005 4003 4001 564 574
add_route 9Bt  574 566 4000 4002 4004 4006 4008 4010 4012 4014 4016 4018 4020 4022
add_route 9Bc  4023 4021 4019 4017 4015 4013 4011 4007 4005 4003 4001 564 574
add_route 20c  3 24 28 1500 1502 1504 1506 1508 1510 1512
add_route 20t  1513 1511 1509 1507 1505 1503 1501 29 25 8 504 510 5000 5004 4564 4566 3942 3950 3516 3518
